-0.086 0.763 -0.40 
-1.326 -0.002  -0.316 
1.193 0.083 -0.219 
-2.588 0.452 -0.744 
2.443 0.592 -0.643 
-1.890   2.814   0.007 
-0.531   2.446  -0.033 
-2.930   1.819   0.004 
+0.534   3.403  -0.045 
-4.293   2.137  -0.041 
8       -1.158922000      2.919078000     -0.659238000
8        0.948032000      2.981412000     -0.215170000
1        1.728842000      2.511672000      0.146533000
8       -0.098485000      5.734630000      1.426810000
8        0.485737000      5.963490000     -1.850083000
1        1.057741000      6.434689000     -2.482680000
1        0.219962000      6.132838000      2.256950000
58      -0.585831000      5.120992000     -0.402527000






TEST POINTS 


+1.819   0.234   0.782
+1.295  -1.071   0.707
+1.165   1.361   0.242
+1.954  -2.206   1.294
+1.672   2.691   0.329
+1.840   3.113   0.030 
+0.509   2.689   0.017
+2.932   2.189       0
-0.577   3.613   0.027
+4.270   2.596  -0.042
Pu       3.976  -1.156  -0.589
O        3.413  -2.205  -2.236 
O        4.839   0.493  -1.411
O        5.557  -2.217   0.109
H        3.400  -2.569  -3.090 
H        6.371  -2.732   0.200 
H        5.424   1.034  -1.961 




OH_15
+1.840   3.113   0.030 
+0.509   2.689   0.017
+2.932   2.189       0
-0.577   3.613   0.027
+4.270   2.596  -0.042

O_15 
-1.873   3.221       0 
-0.499   2.709       0
-2.959   2.201       0
 0.568   3.616       0 
-4.272   2.618       0 

COO_15 
-1.892   2.850   0.002 
-0.540   2.449  -0.024 
-2.917   1.838   0.023 
+0.514   3.410  -0.061 
-4.272   2.180   0.065 

Bare C_15 sheet (w/just carbon, no side groups) 
-1.890   2.814   0.007 
-0.531   2.446  -0.033 
-2.930   1.819   0.004 
+0.534   3.403  -0.045 
-4.293   2.137  -0.041 






